## ListNet
## Epochs = 1500
## No. of features = 119
1 2 3 4 5 6 7 8 9 10 11 12 13 14 15 16 17 18 19 20 21 22 23 24 25 26 27 28 29 30 31 32 33 34 35 36 37 38 39 40 41 42 43 44 45 46 47 48 49 50 51 52 53 54 55 56 57 58 59 60 61 62 63 64 65 66 67 68 69 70 71 72 73 74 75 76 77 78 79 80 81 82 83 84 85 86 87 88 89 90 91 92 93 94 95 96 97 98 99 100 101 102 103 104 105 106 107 108 109 110 111 112 113 114 115 116 117 118 119
0
0 0 -1114.7440262983944
0 1 -2594.9819174527775
0 2 -637.49608204403
0 3 -201.6135088117887
0 4 -321.98163616476273
0 5 -169.30090628558716
0 6 -125.88102395718647
0 7 -98.58907792338918
0 8 -249.83171183845232
0 9 -19934.85640496531
0 10 -71192.10540678822
0 11 -1.578432148282268E8
0 12 -2740.2916649069757
0 13 -10.591506570557568
0 14 -8.791792238036612
0 15 -14.106965039911621
0 16 -25.37172563264051
0 17 -11.377953720933874
0 18 -12.98995548267924
0 19 2.491863167140239
0 20 7.724097532310336
0 21 3.6165798771610653
0 22 1.0082904510474704
0 23 3.9730820954136945
0 24 4.296497160624077
0 25 4.0783152109067435
0 26 1.7971648608658626
0 27 2.378543320228058
0 28 5.480935725623399
0 29 0.9968564900688548
0 30 8.186556273966936
0 31 3.660354963383556
0 32 3.9676523292295065
0 33 0.4333612684250189
0 34 4.2409953180806035
0 35 3.2589602400007367
0 36 1.2987637306232929
0 37 3.9076052984077387
0 38 0.33720912043157075
0 39 6.703253077034383
0 40 6.482647204277
0 41 2.275552573349739
0 42 3.2387032273885272
0 43 4.275783647436867
0 44 0.6314970284662693
0 45 5.100424154159465
0 46 4.179025372682245
0 47 4.169873936628308
0 48 5.902359476968454
0 49 4.291850678244739
0 50 2.969386936860119
0 51 3.519580879380486
0 52 2.155020900914327
0 53 4.209693453781215
0 54 4.477473944165625
0 55 -0.6825406755233214
0 56 6.5814044394469
0 57 4.589027128353286
0 58 0.842735249129245
0 59 4.531134269304594
0 60 4.97121642039454
0 61 3.2033551726279796
0 62 4.0141437737636405
0 63 4.907590106190542
0 64 0.4553649445201177
0 65 5.4087242557208945
0 66 4.850763015436428
0 67 1.2798731150427403
0 68 4.193707322319851
0 69 -0.4164947586642086
0 70 0.15775614217476436
0 71 0.9249112015826214
0 72 0.47259632180635264
0 73 -0.510654189186229
0 74 -0.42693401330652275
0 75 0.05536404126490429
0 76 -0.21359724692164317
0 77 -0.6939166648885865
0 78 -0.5437993445536963
0 79 -0.4916293995482151
0 80 0.44159822615333594
0 81 -0.4385485683569769
0 82 -0.25838448023741223
0 83 -0.511169756939017
0 84 -0.6894283107175204
0 85 -0.12367041529449817
0 86 -0.4440091843018928
0 87 -0.07186163298954816
0 88 0.6643981486892603
0 89 -0.45402223042245143
0 90 0.03283677362478514
0 91 -0.46649696741451646
0 92 -0.6365205115906488
0 93 0.15361751008144445
0 94 -0.24346870302270096
0 95 0.6029444411333689
0 96 -0.32226416520938583
0 97 -0.24445933504738646
0 98 0.026254327387890634
0 99 0.8297335903315336
0 100 -0.005187025647643651
0 101 -0.2703215495390641
0 102 -0.4395170886840221
0 103 -0.3042592681260947
0 104 -0.2399839259401102
0 105 0.3717466385139984
0 106 -0.7121336892146208
0 107 -0.9929001041620532
0 108 0.12930304390369304
0 109 -0.298994890014063
0 110 0.4370044832899496
0 111 -0.6327753942229086
0 112 0.13107040939160097
0 113 0.944628308134893
0 114 -0.731528531936394
0 115 -0.054087141092025066
0 116 0.015385767504975742
0 117 -0.30358222618549774
0 118 0.1483958839735718
0 119 -0.06751828640699387
